13
(1.2127014898484751, 9.303513695211972)
(2.0997982640420236, 9.058415655996285)
(2.725604715654927, 8.660131342270795)
(3.289314393074282, 7.894199969721774)
(3.450604715654927, 6.699347028545305)
(3.410282135009765, 5.504494087368834)
(3.269153102751701, 4.248366636388441)
(2.886088586622669, 2.9309646756041277)
(2.422378909203314, 2.287582322662951)
(1.515120844687185, 1.4910136952119704)
(0.7893143930742816, 0.29616075403550024)
(8.511088586622668, 4.891748989329618)
(2.360282135009766, 9.824347028545304)
[0,1,2,3,4,5,6,7,8,9,10,11,12]
[12, 0, 1]
[12, 1, 2]
[12, 2, 3]
[4, 5, 11]
[3, 4, 11]
[12, 3, 11]
[5, 11, 6]
[11, 6, 7]
[11, 7, 8]
[11, 8, 9]
[11, 9, 10]
