16
(4.7006047156549275, 9.211601930506088)
(2.361895038235572, 7.894199969721774)
(4.47883052210654, 6.025327420702166)
(1.9586692317839591, 5.259396048153147)
(1.1723789092033141, 3.8807195775649124)
(1.1522176188807336, 2.9309646756041277)
(1.857862780171056, 2.3794940873688333)
(2.462701489848475, 0.8782685971727551)
(0.8699595543646041, 0.26552349913353934)
(6.65624987694525, 0.23488624423157844)
(8.148185360816216, 1.4297391854080495)
(8.974798264042024, 3.114788205015892)
(7.805443425332346, 3.5743470285453043)
(9.5191531027517, 4.830474479525696)
(4.45866923178396, 6.913807812859029)
(7.845766005977508, 8.384396048153146)
[0, 15, 1]
[15, 1, 14]
[1, 14, 2]
[2, 3, 13]
[14, 2, 13]
[3, 13, 4]
[13, 4, 12]
[4, 12, 11]
[4, 11, 5]
[11, 5, 6]
[11, 6, 10]
[6, 10, 7]
[10, 7, 8]
[10, 8, 9]
